0 	 0 	 	 44.38971
10 	 32.1311 47
5 	 52 	 66.8689
26 	 62.1311 77
21 	 82 	 96.8689
14 	 160 	 175
30 	 162.2 	 191.12324
15 	 180 	 195
31 	 196.96	 225
7 	 370 	 376.04635
16 	 380.492 381
23 	 400 	 400.508
32 	 410.492 411
33 	 420.51	 480

0 	 0	 	19.04297
12 	 14	 	29
6 	 19	 	44.22841
28 	 26.27	51.4984
22 	 49	 	64
4 	 108	115.5525
11 	 122.45	130
27 	 127.47	143.62075
20 	 138	145.5525
3 	 151.52	183.6957
19 	 179	194
13 	 198	213
29 	 206.14 243
9 	 276	291
8 	 281.53 303.7986
25 	 284.88 307.14516
24 	 298	311.46217
2 	 305.46 318.9233
18 	 323.54 337
1 	 372	402.7289
17 	 402	417
33 	 411.49 480


